/********************************** STEREO CALIBRATE METHODE ***********************/

Essential Calibration R
[-0.9970972162332267, 0.02863267855173013, -0.07055006094188231;
 0.02252608888711646, -0.7741793003718871, -0.6325654007256049;
 -0.07273043860310306, -0.6323184170927244, 0.7712870430040635]

Essential Calibration T
[0.4936379847892791;
 0.6162700862801852;
 0.304264234024149]

Essential Calibration E
[-0.05167547685392843, -0.1541238536332796, 0.6677881596608581;
 -0.2674785135999378, 0.3208482891664012, -0.4022024418554468;
 0.6256009206012034, -0.3998097729826599, -0.2687804175178842]


/********************************** MANUAL METHODE ***********************/

rvecPNPL: 
[0.4162936024355438;
 -0.2302437793768307;
 1.478135602669553]

tvecPNPL: 
[0.2986293931513332;
 0.06020735735067684;
 0.4685817451714938]


rvecPNPR: 
[0.5004801696195131;
 0.247367871264191;
 -1.585665594302522]

tvecPNPR: 
[0.1306523810228308;
 0.2470904238125085;
 0.5771820129617102]


rodriguesPNPL: 
[0.08857226344637859, -0.9907967021418465, 0.1023564808540542;
 0.912723898858554, 0.03958253444124525, -0.4066550226170184;
 0.3988609263896695, 0.1294415620735809, 0.9078297436235087]

rodriguesPNPR: 
[-0.01166484001062465, 0.9861461288428908, -0.1654682570032915;
 -0.88888689611312, -0.08601763268718546, -0.4499789470467212;
 -0.4579781844432221, 0.1418336329474545, 0.8775757535045146]


rvecPNP: 
[-0.9950110976604088, 0.06540673987430212, -0.07533175898413574;
 -0.08290832275618319, -0.9621159611925901, 0.2597288725502327;
 -0.05548986889861155, 0.2646787403579554, 0.9627388217227667]

tvecPNP: 
[0.1990109402974759;
 0.1878857633716469;
 0.005400079820810474]


difL: 
[54.571655, 4.3157349, 48.652466, 2.2790527, 44.290649, 8.4996643, 40.522949, 13.494446, 38.333618, 18.09024, 36.946777, 21.80661, 37.031311, 25.832703, 37.710449, 29.735474, 40.306458, 33.817932, 28.114136, 8.2381287, 23.429138, 2.3862, 19.551392, 2.3388977, 16.625183, 6.1765137, 14.287598, 9.3021851, 13.094604, 11.718475, 12.22467, 14.036011, 12.991211, 16.216003, 14.274963, 18.044556, 12.181946, 10.297089, 8.2879639, 5.386261, 5.0841675, 1.456543, 2.2069702, 1.7194214, 0.093444824, 3.7919006, 1.6709595, 4.8385925, 2.2315674, 5.9300537, 2.5838623, 6.6563721, 1.3917236, 6.9699097, 3.0725708, 11.11618, 0.014465332, 6.5481567, 3.1584473, 3.1929321, 5.704895, 0.95599365, 7.9874878, 0.21240234, 9.3146973, 0.65408325, 10.722229, 0.56140137, 11.165222, 0.12237549, 10.986328, 1.0275269, 1.2030029, 11.194183, 4.171936, 6.9930115, 6.8190918, 4.0729065, 9.1066895, 2.2379456, 11.121033, 1.3951721, 12.853394, 1.885498, 14.127563, 2.680603, 14.893494, 4.2379761, 14.679565, 6.4017944, 3.138855, 10.320953, 5.3452759, 6.3190613, 7.7381592, 3.6723328, 9.8363037, 2.0487366, 11.634583, 1.8326721, 13.115662, 2.6488953, 14.506836, 4.3369141, 14.94635, 6.3357544, 15.310791, 9.5125732, 3.6645508, 9.3678284, 5.482605, 5.2774048, 7.2039795, 2.706665, 8.999939, 1.4770813, 10.210083, 1.6337891, 11.666443, 2.8223877, 12.655029, 4.6036377, 13.528503, 7.520813, 13.392029, 11.429749, 3.5275269, 7.9101257, 4.8171387, 3.9452515, 6.1435547, 1.3969727, 7.1103516, 0.31417847, 8.2528076, 0.56777954, 9.1071777, 2.0498962, 10.003967, 4.3800659, 10.094055, 7.8112793, 10.500305, 11.993713, 3.3397827, 6.3087463, 4.0510864, 2.5479431, 4.43927, 0.077301025, 5.3395996, 1.085022, 5.7436523, 0.81298828, 6.2185669, 1.0883484, 6.1335449, 3.43927, 6.5765381, 7.2473145, 6.248291, 11.976196, 3.3790283, 4.6157532, 3.1610718, 0.82867432, 3.2380981, 1.7105103, 2.9931641, 2.7191162, 2.9871826, 2.2973328, 2.6817627, 0.26290894, 2.607666, 2.1257324, 2.0557251, 6.2645264, 1.645874, 11.233154, 3.8318481, 3.3336182, 3.1207275, 0.73696899, 2.3213501, 3.0908813, 1.5170898, 4.4037781, 0.57775879, 3.7629395, 0.20068359, 1.7651672, 1.2687378, 1.0876465, 2.0435791, 5.2313843, 3.6216736, 10.512939, 4.8457336, 1.5302124, 3.0906677, 2.2593079, 1.6810608, 4.7772217, 0.0035400391, 5.9904175, 1.5273438, 5.5299683, 3.3058777, 3.2258606, 4.7073059, 0.60906982, 6.7962952, 3.8202515, 8.3548279, 9.1797485, 6.131134, 0.22418213, 3.7800903, 3.9221497, 1.1534729, 6.4022522, 1.2011414, 7.7023926, 3.6316833, 6.9545288, 6.0532227, 5.2919617, 8.4077454, 2.0358276, 10.794525, 2.1889648, 13.546875, 7.750061, 7.7712097, 1.2836609, 4.4762268, 5.2575073, 1.1942444, 7.7042236, 2.08078, 8.9515381, 5.2826233, 8.5762634, 8.5154724, 6.586731, 11.613922, 3.3987427, 15.039581, 0.66729736, 18.297699, 6.3887939, 9.7584534, 2.5844727, 5.6199951, 6.6829529, 1.4217529, 9.2481079, 2.7069397, 10.639709, 6.7692566, 9.9090881, 10.544037, 7.8714905, 14.739807, 4.8179321, 18.7612, 0.6819458, 22.863495, 5.1433716]

difR: 
[4.3164062, 8.526062, 5.2872314, 13.724792, 6.7153931, 17.868225, 8.1890869, 21.851624, 9.9679871, 24.457703, 12.0383, 26.312836, 13.946899, 26.792511, 16.517303, 25.808777, 18.984741, 23.733551, 2.3067627, 3.3563843, 0.7227478, 8.3982544, 1.0293579, 12.553467, 3.2837219, 15.97467, 5.9049377, 18.605225, 8.1090088, 20.39566, 11.141113, 20.595764, 14.19104, 19.604614, 17.092041, 17.852905, 9.2408447, 1.6956787, 7.5344849, 2.9196777, 4.835083, 6.9968262, 2.1360474, 10.039124, 0.83459473, 12.582397, 4.0671387, 14.208496, 7.5116577, 14.454895, 11.093689, 13.551361, 14.831238, 11.642181, 16.410339, 6.5697632, 13.841187, 2.1455688, 10.695374, 1.5233154, 7.5308838, 4.6235352, 4.3297119, 6.8116455, 0.59289551, 8.4151611, 3.477356, 8.5354919, 7.5796509, 7.7325439, 11.629822, 5.7081909, 23.649841, 11.099365, 20.341553, 6.8424072, 17.208313, 3.3946533, 13.725342, 0.83679199, 9.6552124, 1.737915, 5.5571289, 2.953064, 1.1092529, 3.0710754, 3.6290283, 2.270813, 8.4014282, 0.15994263, 30.281921, 14.80896, 26.830994, 11.201721, 23.284851, 7.8095093, 19.046509, 5.2140503, 14.982483, 3.2381592, 10.157593, 2.1571655, 5.4343262, 2.1028442, 0.41265869, 3.1439514, 4.7197876, 4.9646912, 36.264221, 18.247498, 32.828186, 14.870117, 28.730896, 11.849854, 24.637146, 9.6591187, 19.850891, 7.8512573, 15.155823, 7.0863342, 9.8736572, 7.0651855, 4.4741821, 8.1088867, 1.2789917, 10.179138, 41.81781, 20.864014, 37.803711, 17.669434, 33.786499, 15.323669, 29.184753, 13.176697, 24.218628, 11.806824, 19.054504, 10.957428, 13.332214, 11.273743, 7.6966553, 12.570312, 1.4158936, 14.632874, 45.855103, 22.216064, 42.027161, 19.729065, 37.279358, 17.568298, 32.50708, 15.8255, 27.600586, 14.662659, 21.588257, 13.9935, 15.808289, 14.876984, 9.5119019, 16.361084, 2.887085, 18.59259, 48.760803, 22.559631, 44.696472, 20.548035, 39.921143, 18.855164, 34.692383, 17.854004, 29.250793, 16.963013, 23.368713, 16.823181, 16.737976, 17.543365, 9.9503784, 19.482941, 2.7299194, 21.708923, 49.116699, 22.142456, 44.695374, 20.341187, 39.844543, 19.417053, 34.428772, 18.652161, 28.54541, 18.082458, 22.14563, 18.328186, 15.24292, 19.496857, 7.9755249, 21.385162, 0.2467041, 24.214508, 47.337158, 20.027283, 42.653442, 18.877441, 37.370728, 18.133362, 31.650635, 17.959961, 25.308533, 17.999023, 18.338623, 18.691193, 11.072205, 20.042023, 2.987915, 22.464478, 5.7816162, 25.38678, 42.15863, 16.14679, 36.966064, 15.631042, 31.395691, 15.830872, 25.273682, 15.905029, 18.343445, 16.398071, 10.842834, 17.355957, 2.4882202, 19.420746, 6.3249512, 22.194916, 16.164368, 25.591858, 32.936707, 10.613586, 27.545349, 10.865723, 21.262939, 11.221252, 14.184937, 12.149536, 6.7786255, 13.245178, 1.6196289, 14.74408, 11.117004, 17.313019, 21.399963, 20.423096, 32.58313, 24.268494, 18.666016, 2.9789429, 12.649353, 3.7324829, 5.6490479, 4.7782593, 1.9157104, 6.2153931, 10.580322, 8.0018921, 20.42511, 10.23822, 31.128662, 13.247406, 43.221313, 16.924927, 56.435059, 21.503479]


essential Left: 
[-0.02331393714376677, -0.001960253798554345, 0.2658210603695054;
 0.1761528686930326, 0.4893998905364038, 0.4464878217011065;
 0.2260639093293645, 0.4251872562908187, -0.4764548526957367]
rvecL: 
[-0.9959104107586597, 0.02373940029573272, -0.08717163882889956;
 -0.0813368334901267, -0.6556077388096084, 0.7507082071822256;
 -0.03932903838535175, 0.7547283840472352, 0.6548574601034427]
tvecL: 
[0.9260580776646067;
 -0.2453835327269175;
 0.2867112810103412]

essential right: 
[-0.02331393714376639, 0.1761528686930305, 0.2260639093293635;
 -0.001960253798553367, 0.4893998905364041, 0.4251872562908193;
 0.2658210603695035, 0.4464878217011085, -0.4764548526957363]
rvecR: 
[-0.99591041075866, -0.08133683349012669, -0.0393290383853521;
 0.02373940029573317, -0.6556077388096092, 0.7547283840472341;
 -0.08717163882889933, 0.7507082071822252, 0.6548574601034445]
tvecR: 
[0.9135882399470757;
 -0.3992485482400295;
 0.07718241094079309]

M10: 
[-0.9959104107586597, 0.02373940029573272, -0.08717163882889956, 0.9260580776646067;
 -0.0813368334901267, -0.6556077388096084, 0.7507082071822256, -0.2453835327269175;
 -0.03932903838535175, 0.7547283840472352, 0.6548574601034427, 0.2867112810103412;
 0, 0, 0, 1]

M20: 
[-0.99591041075866, -0.08133683349012669, -0.0393290383853521, 0.9135882399470757;
 0.02373940029573317, -0.6556077388096092, 0.7547283840472341, -0.3992485482400295;
 -0.08717163882889933, 0.7507082071822252, 0.6548574601034445, 0.07718241094079309;
 0, 0, 0, 1]

M12: 
[0.9918375462574827, -0.001930887649009477, 0.00342837672961584, 0.8460357692623803;
 -0.001930887649009514, 0.4298215071870483, 0.5665807920976373, 0.09796901920323157;
 0.003428376729615801, 0.5665807920976379, 0.4288382930531332, 0.02212906791230136;
 0, 0, 0, 1]



/********************************** GITHUB METHODE ***********************/

 essentialGithub E
[0.5551250439191883, 0.3999105861420049, -0.1736394219264752;
 0.431418094163587, -0.5484011540300685, 0.1052876378614391;
 0.005309790219491335, 0.05903907823792982, -0.017098796076439]

rvec: 
[0.6136317805702046, -0.7620722988924553, 0.206644257445031;
 -0.7893437488630991, -0.5854917249741048, 0.1847589946865795;
 -0.01981120907437643, -0.2764873437385785, -0.9608133350174717]
tvec: 
[-0.05928001111652011;
 0.06401742887104409;
 0.996186553353721]

 RGithub
[0.61363178, -0.76207232, 0.20664425;
 -0.78934377, -0.58549172, 0.18475899;
 -0.019811209, -0.27648735, -0.96081334]

 TGithub
[-0.059280012;
 0.06401743;
 0.99618655]

 RinvGithub R
[0.61363178, -0.78934377, -0.019811209;
 -0.76207232, -0.58549172, -0.27648735;
 0.20664425, 0.18475899, -0.96081334]

 TGithub T
[0.10664351;
 0.267739;
 0.95757139]

